Round 1
cs/0607105
0808.4134
0909.4061
0904.0292
1010.2921
1104.5557
1207.6365
1207.4684
1402.3851
1501.01571
1909.06413
1903.08794
cs/0304041
cs/0304026
1309.0249
1611.07008
1612.04338
1701.05328
1907.00847
2012.14095
Round 2
2001.04383
cs/0408007
0910.0651
0901.3150
1005.2012
1208.5211
1511.05932
1705.06319
1712.01792
1807.07889
0803.3946
1202.5150
1407.6981
1603.01887
1605.02051
1702.07476
1306.6239
1504.00822
1112.1045
1304.4132
Round 3
1504.02044
1611.08752
1603.05226
1909.08065
1111.0897
1206.0594
1306.6295
1411.2577
1510.03252
1702.05678
1708.02728
1507.06165
1612.04997
1712.01367
1803.05069
1908.05156
2208.09262
quant-ph/0607173
0801.3624
0910.4266
Round 4
1210.0481
1203.1952
1504.06830
1504.05666
1605.01142
1711.03860
math/0404188
math/0606088
math/0702004
1204.6530
1306.4121
1606.01230
1605.06702
1605.09223
1905.02167
2007.03528
1011.4105
1207.3674
1310.4375
1702.03676
1402.2224
1507.00473
1905.11311
quant-ph/9802049
0907.4737
1011.3245